100 4000
7 49
73 58
30 72
44 78
23 9
40 65
92 42
87 3
27 29
40 12
3 69
9 57
60 33
99 78
16 35
97 26
12 67
10 33
79 49
79 21
67 72
93 36
85 45
28 91
94 57
1 53
8 44
68 90
24 96
30 3
22 66
49 24
77 8
28 33
98 81
35 13
65 14
63 36
25 69
15 94
29 1
17 95
5 4
51 98
88 23
5 82
52 66
16 37
38 44
1 97
71 28
37 58
77 97
94 4
9 31
45 75
35 98
42 99
68 12
60 57
94 8
95 68
13 30
6 62
42 65
82 52
67 21
95 12
71 1
90 31
38 57
16 90
40 79
35 6
72 98
95 19
54 23
89 60
5 26
23 6
13 70
38 94
20 44
66 34
26 94
63 38
44 90
50 59
23 47
85 17
72 39
47 85
96 85
23 20
44 68
35 15
25 34
42 11
79 52
44 95
18 96
92 15
91 33
69 97
53 47
25 10
62 11
61 25
35 68
95 76
67 39
74 31
56 1
72 60
94 84
55 89
7 15
93 69
80 55
55 6
63 2
76 8
49 31
8 97
51 49
3 31
31 14
19 75
9 80
29 23
54 60
37 45
17 25
0 56
64 97
48 4
76 12
54 97
4 81
48 65
9 29
53 83
47 7
73 22
5 76
53 24
30 66
0 44
70 85
16 98
55 33
57 76
78 66
57 11
78 14
19 37
20 62
33 97
31 88
89 73
77 4
58 0
15 47
80 30
55 46
7 38
0 26
35 57
13 14
93 60
54 18
57 85
29 15
17 43
19 67
47 69
95 3
73 3
48 85
58 59
6 30
24 32
97 20
50 31
80 3
0 20
33 58
3 76
50 34
80 79
32 74
49 42
49 71
10 79
83 70
40 23
50 71
29 18
46 99
30 21
76 24
44 58
96 71
64 60
40 3
51 1
5 80
18 74
49 13
20 25
12 83
88 17
8 50
24 95
90 66
10 93
53 65
60 42
3 52
7 41
10 0
99 27
71 87
14 25
41 17
48 42
15 74
45 73
20 11
39 54
5 29
53 89
66 56
4 60
98 92
20 16
80 67
52 39
98 1
11 16
91 71
61 45
20 40
58 53
27 50
11 63
94 33
95 31
42 16
6 15
24 1
97 61
3 24
8 36
81 15
10 16
5 73
81 20
91 69
65 27
36 28
25 84
67 49
76 46
76 66
67 20
84 91
10 58
11 44
67 89
18 14
25 18
28 29
34 27
40 54
40 96
35 83
11 52
64 76
37 75
45 10
10 47
37 99
93 79
29 64
79 1
25 89
0 89
70 17
46 38
43 38
36 21
19 96
47 88
59 87
12 84
89 84
34 67
19 15
45 76
19 31
3 98
98 39
4 3
79 65
91 7
24 65
21 54
6 50
3 32
32 41
54 77
17 0
89 65
47 22
79 17
16 48
62 29
39 8
3 57
61 52
66 21
57 96
55 30
94 55
21 12
93 27
32 44
91 98
52 56
70 3
39 14
99 66
35 21
43 52
86 19
50 10
23 69
5 43
11 31
92 16
99 71
39 70
36 91
57 33
28 77
10 83
76 89
91 34
11 4
26 91
90 22
64 90
84 13
41 27
79 84
37 70
61 81
65 2
54 59
47 77
62 10
19 50
77 41
36 20
99 12
59 56
90 52
48 14
44 18
50 1
95 21
31 1
57 10
28 5
73 37
69 96
3 21
75 18
62 54
63 43
89 50
64 94
63 58
52 92
16 14
20 60
50 68
41 47
96 87
1 34
48 75
53 71
29 93
19 71
20 64
79 30
10 80
13 42
38 82
44 28
93 75
80 0
96 47
70 87
43 33
24 0
80 78
57 23
98 14
45 62
9 10
49 18
90 55
43 55
85 34
75 21
51 26
51 59
83 14
37 79
98 0
37 85
78 84
42 15
60 67
40 7
66 28
62 63
69 90
23 78
13 61
10 40
78 0
94 7
56 51
86 31
44 39
76 84
52 8
14 54
19 28
71 70
63 47
24 43
54 8
81 52
88 63
59 19
79 56
61 87
53 99
88 44
80 66
83 74
36 9
39 84
66 67
10 89
27 73
81 95
36 74
35 31
72 28
98 70
87 97
89 46
90 11
12 63
12 81
51 30
21 13
28 50
0 59
54 92
94 30
32 59
77 79
32 72
83 81
53 22
21 56
18 91
0 96
20 4
99 29
44 75
70 16
99 80
18 88
52 28
0 62
40 49
85 83
15 59
78 59
61 82
48 54
40 81
70 28
51 44
69 95
69 10
72 23
25 19
43 46
69 70
94 10
92 64
24 61
19 20
62 61
49 90
22 60
93 28
22 81
66 68
23 22
39 17
93 64
78 56
71 41
55 36
89 28
20 2
12 16
47 46
51 72
11 23
36 5
7 33
66 53
12 25
40 53
95 39
51 58
94 60
38 29
75 98
92 33
62 76
36 46
73 64
84 92
19 42
28 59
16 27
72 48
0 70
45 28
0 43
92 63
83 72
1 9
21 86
13 69
31 57
56 16
14 15
37 66
60 12
91 31
74 63
77 24
84 33
9 44
64 51
12 79
34 7
83 0
59 10
53 91
21 25
53 29
96 53
61 58
91 63
20 68
87 26
72 19
41 4
51 92
45 70
74 62
76 17
26 13
44 71
79 35
29 88
48 78
17 23
38 8
29 26
68 6
99 55
29 76
88 96
19 64
83 98
20 48
61 51
18 77
46 61
78 28
63 35
6 8
68 79
19 23
77 92
53 78
53 95
71 75
4 62
32 19
10 34
70 78
65 45
79 75
27 87
63 37
83 75
84 55
56 99
86 33
24 47
67 65
10 82
5 14
52 41
85 91
6 60
85 0
85 67
84 88
0 86
0 95
99 2
28 83
17 36
2 89
78 25
89 22
95 5
19 91
21 74
14 62
6 83
26 19
1 30
58 62
31 36
20 8
8 11
97 0
14 96
99 45
33 62
36 10
62 73
93 35
88 71
38 21
91 13
92 43
75 68
13 15
32 34
28 43
79 6
54 7
37 3
21 47
34 49
16 59
38 50
83 86
24 22
63 81
12 51
2 95
36 54
8 80
31 30
95 14
12 36
37 9
85 19
81 10
8 9
19 66
99 20
15 77
22 42
80 81
85 30
25 36
94 45
2 33
80 56
34 17
58 5
92 60
42 44
35 55
72 43
22 13
41 81
79 18
60 29
55 82
64 32
13 95
28 4
55 11
4 51
16 61
64 5
43 36
18 94
88 43
39 2
43 70
19 12
17 32
82 97
59 73
90 19
10 11
15 78
42 45
70 62
8 83
99 9
13 50
51 65
2 17
16 84
69 42
3 15
29 57
82 64
52 54
26 27
55 59
52 86
22 29
86 49
79 98
90 3
86 43
27 85
98 87
17 31
76 61
63 14
83 32
22 11
42 33
53 30
80 4
15 87
58 86
33 40
59 36
62 38
54 26
26 12
58 54
27 51
62 32
37 4
57 5
7 43
58 39
43 97
81 65
17 12
24 84
59 99
16 40
51 46
22 93
15 49
61 49
31 96
23 96
44 50
38 31
59 35
65 1
87 37
24 94
75 3
89 86
45 43
57 32
61 78
4 2
31 20
86 30
43 67
48 44
17 49
25 73
63 16
80 48
79 57
89 7
5 27
49 95
66 98
85 62
18 53
79 3
83 23
59 21
74 34
75 2
36 79
15 50
92 48
47 8
6 78
6 67
14 10
70 58
17 46
4 56
98 34
56 8
12 13
80 24
4 13
31 53
33 39
20 94
97 24
71 58
18 1
17 92
13 80
56 40
94 68
70 63
25 71
91 50
17 10
54 25
1 94
92 34
70 46
87 21
71 65
60 10
75 9
94 23
14 94
23 75
77 57
27 22
74 72
83 17
30 90
6 96
38 16
21 84
27 78
87 35
81 26
95 58
43 12
6 28
93 26
33 81
96 92
61 9
22 40
52 15
80 92
51 52
73 77
17 26
65 61
39 49
7 19
30 76
25 81
27 59
97 93
25 29
22 48
53 79
68 27
24 31
77 6
0 72
98 77
49 94
27 52
59 77
70 51
20 15
19 77
64 0
18 17
54 68
87 75
57 16
82 42
62 8
40 5
70 6
1 19
17 35
52 94
35 10
31 63
51 47
51 10
49 47
34 48
71 32
45 2
23 89
19 94
86 7
92 0
46 1
65 44
56 74
17 75
95 66
64 91
91 40
9 63
22 85
99 19
20 92
48 53
93 3
8 74
66 3
30 81
86 25
58 85
99 21
14 60
56 72
75 81
55 62
48 45
52 70
31 0
19 70
1 59
82 79
96 29
51 45
70 54
57 93
15 8
61 66
73 78
52 26
32 51
72 1
87 79
8 37
36 2
88 74
9 96
23 62
23 46
79 55
74 22
71 79
94 27
56 36
16 47
57 0
36 13
33 75
66 6
8 7
96 55
24 66
8 33
61 57
71 76
89 35
59 38
27 43
42 55
21 11
80 12
9 90
83 45
38 34
38 64
50 18
74 87
42 88
20 82
5 34
20 46
3 20
50 75
62 42
70 38
35 77
74 80
90 96
6 81
55 38
75 20
75 86
97 5
37 95
83 95
76 83
82 27
51 99
5 51
90 95
96 61
31 25
70 24
57 22
53 73
83 34
82 57
63 41
37 29
87 86
51 94
22 30
30 54
6 19
39 13
92 39
83 29
65 5
87 40
63 0
99 47
1 88
5 20
44 72
19 69
52 32
58 7
81 62
16 9
85 8
13 67
54 35
79 58
39 59
45 23
77 37
91 42
4 82
56 75
92 70
70 53
53 28
28 73
82 71
0 5
55 21
84 34
47 28
88 85
8 58
74 23
61 72
24 35
89 56
44 98
47 95
67 83
76 43
36 37
46 62
57 42
96 3
94 88
4 55
87 83
17 65
93 56
38 51
87 90
80 32
7 14
38 26
45 57
25 7
79 51
41 59
25 94
63 29
29 32
80 59
74 40
4 18
68 86
66 62
74 98
21 27
15 27
41 9
58 35
61 32
94 3
54 31
16 4
13 11
59 5
72 92
72 15
29 13
43 80
9 5
84 49
11 9
83 48
85 7
60 80
89 63
33 66
85 42
74 91
63 93
63 61
91 77
89 97
29 12
69 60
31 65
96 50
4 23
88 22
65 77
72 12
80 76
0 41
19 43
58 82
67 52
91 86
60 56
92 1
39 11
84 70
20 57
45 97
79 99
2 83
69 37
5 15
37 15
29 24
15 66
72 96
60 78
24 45
80 77
21 8
45 52
95 11
1 60
35 20
84 6
5 8
49 93
44 16
24 81
61 85
38 3
7 22
51 83
98 57
89 1
99 10
74 95
47 81
93 20
68 15
53 64
87 95
19 93
6 5
31 78
49 30
9 87
53 11
88 64
38 88
7 62
58 16
75 77
29 90
60 51
39 40
64 77
11 84
55 75
49 99
21 60
34 47
93 17
48 74
32 88
65 58
2 10
19 10
37 92
36 48
33 19
37 32
94 93
7 53
74 64
7 2
14 69
48 67
60 53
56 68
22 37
96 17
41 58
35 88
71 73
7 20
92 93
52 89
13 28
17 50
88 46
43 65
88 11
66 43
38 4
67 57
22 46
20 27
88 50
85 2
97 15
52 88
86 28
17 22
23 26
42 90
97 28
11 43
44 52
25 38
72 87
57 15
27 61
82 77
1 39
43 48
41 21
99 69
76 13
98 69
15 80
47 27
75 88
86 64
47 6
38 27
2 31
46 27
40 38
41 42
69 11
8 2
43 73
80 36
2 64
70 1
8 55
5 87
14 1
65 99
59 57
90 43
3 39
84 61
4 32
27 84
24 56
48 8
4 87
35 32
36 57
25 64
54 28
33 23
30 44
70 32
4 85
79 64
55 26
20 90
4 63
28 27
1 0
82 44
85 69
23 55
68 78
27 69
37 57
20 89
12 42
67 87
88 7
33 32
81 3
32 27
50 85
23 65
74 17
18 93
0 34
91 57
19 45
93 12
79 69
18 30
98 49
57 90
68 8
26 72
52 17
93 11
41 31
7 68
63 1
58 78
46 94
63 83
10 84
73 87
32 69
84 48
35 30
98 94
26 50
34 15
68 91
69 1
96 10
73 92
11 28
0 12
79 39
69 51
14 64
44 91
99 97
95 6
91 11
23 3
43 18
46 75
35 28
48 97
47 37
30 7
56 25
42 75
80 73
57 56
23 53
6 52
38 11
66 94
9 82
96 44
35 65
58 3
27 63
84 87
16 77
51 90
83 20
99 90
36 62
66 57
99 50
19 98
43 68
76 1
49 11
47 44
76 96
66 0
6 91
56 98
33 1
90 84
58 27
94 86
35 27
68 0
64 40
88 10
31 23
56 14
12 69
52 62
81 35
35 71
66 93
28 26
33 99
3 26
88 41
89 19
23 98
52 68
61 89
1 83
56 32
6 92
6 90
19 2
34 75
92 32
94 69
43 47
27 95
84 58
70 42
29 45
47 72
80 96
97 46
40 6
81 14
2 92
11 68
98 32
86 92
95 85
68 64
4 15
26 86
59 20
97 79
57 30
21 51
22 99
49 76
87 33
14 57
76 0
72 55
42 86
14 86
31 59
85 99
41 98
48 37
26 21
28 94
47 98
29 7
83 39
74 33
31 71
79 46
74 84
85 87
45 49
8 13
12 27
50 42
85 71
49 54
68 60
96 59
73 98
4 33
69 58
99 57
20 76
75 85
68 92
67 24
44 86
90 13
43 3
12 11
63 96
3 19
43 71
0 49
97 65
16 43
79 47
48 77
60 38
92 61
45 4
75 65
53 15
40 69
27 1
56 10
85 93
6 93
99 5
46 53
37 49
22 20
54 22
46 59
96 28
52 16
99 93
3 36
21 93
15 76
23 80
23 85
57 2
98 43
23 79
83 94
93 77
9 54
67 68
98 50
32 8
1 90
41 44
94 87
37 82
96 81
72 82
33 56
36 30
15 70
11 33
46 45
14 33
1 77
45 66
47 84
81 32
1 47
23 15
32 26
40 62
64 59
26 59
39 46
86 99
17 61
93 55
16 73
7 1
80 58
4 91
44 81
63 98
92 90
20 54
29 40
81 60
95 15
57 86
82 45
14 93
42 81
12 96
90 61
89 59
35 19
36 92
23 81
2 5
27 18
5 63
92 38
49 33
28 9
44 17
9 39
90 14
4 68
56 84
65 12
88 48
34 6
7 75
21 7
61 7
90 10
0 36
78 38
93 15
51 39
95 26
14 85
19 80
9 89
76 51
41 73
15 44
46 3
83 40
33 53
82 87
68 62
4 96
12 64
9 45
61 31
42 6
23 44
7 84
87 80
57 78
40 9
7 26
30 67
16 15
77 12
24 10
87 54
35 23
31 73
94 16
50 92
6 63
31 75
75 24
57 19
92 44
72 54
25 67
96 70
78 3
19 8
11 76
82 67
23 68
20 51
20 49
62 24
91 65
71 29
69 73
83 27
68 88
11 30
24 57
60 79
86 1
65 32
47 62
91 79
91 0
87 31
23 18
24 19
57 92
31 66
92 26
20 77
7 5
12 6
71 18
94 81
69 33
71 81
86 62
0 19
41 79
9 85
86 59
22 63
83 30
97 39
83 13
53 92
69 43
15 64
91 49
52 12
56 62
51 84
0 16
27 17
10 61
90 63
90 58
42 73
57 53
14 72
0 7
34 37
82 41
9 91
49 60
71 36
59 49
75 25
87 28
80 7
7 23
97 62
12 14
38 96
19 47
32 12
67 79
63 84
0 37
38 45
19 9
77 43
8 92
2 52
13 71
74 71
4 1
0 22
57 71
13 82
77 85
50 58
10 74
91 58
66 77
83 71
15 33
21 44
83 18
73 85
40 84
15 73
54 12
12 57
47 35
87 25
93 59
52 93
33 35
23 76
61 18
79 32
2 88
35 56
5 22
34 46
4 75
48 98
87 46
97 67
20 39
73 99
16 5
56 64
4 88
27 60
96 34
82 53
48 1
4 40
36 50
22 84
81 19
69 74
79 8
78 87
21 82
16 93
70 60
51 28
48 87
57 89
90 5
89 5
89 85
67 36
5 23
88 34
66 88
69 52
90 34
94 0
51 95
69 45
43 96
26 63
45 26
34 26
47 58
39 0
60 28
38 0
10 28
58 87
98 15
55 22
43 59
49 28
65 92
89 66
5 31
38 90
50 67
96 91
2 18
77 81
93 89
47 71
41 65
79 14
99 60
66 27
71 94
97 74
51 74
79 66
97 52
37 50
70 31
14 68
97 91
78 13
19 29
12 3
36 98
9 43
95 99
61 22
3 74
18 56
96 78
11 37
36 89
18 97
80 38
35 62
92 76
74 26
34 64
63 68
77 58
65 94
38 30
13 27
11 51
46 48
82 26
71 8
90 18
84 50
44 69
10 97
2 53
91 56
89 26
58 57
1 40
48 13
23 32
75 36
71 97
54 41
21 37
72 81
32 45
91 24
69 41
81 18
83 77
93 68
8 90
20 47
41 39
35 70
63 40
51 89
80 85
23 2
29 8
86 32
39 88
4 12
7 39
77 7
85 76
22 35
9 97
93 86
63 42
71 92
84 95
39 19
33 34
65 82
48 21
7 67
3 44
30 78
50 51
95 65
10 48
62 57
44 62
77 36
30 84
93 53
83 55
47 89
3 0
19 5
14 74
64 95
38 93
35 49
14 8
29 33
83 36
40 82
36 6
78 4
46 4
7 24
83 44
19 51
6 88
19 92
52 80
22 96
1 93
38 53
69 59
61 55
14 19
7 27
58 66
1 73
69 9
24 18
11 56
73 84
69 67
71 45
76 35
97 41
76 54
88 3
45 58
89 4
47 14
83 61
13 25
79 70
92 88
89 37
97 27
15 96
59 62
61 38
82 31
67 16
69 78
75 41
63 20
9 93
34 45
20 80
54 3
78 43
88 78
15 84
7 9
33 85
96 37
13 87
60 25
45 16
63 39
90 37
70 40
51 85
71 26
24 6
91 51
61 8
51 97
48 64
26 8
24 54
88 45
22 19
68 82
89 48
82 43
74 7
46 15
4 30
4 50
14 84
13 24
62 13
59 63
17 30
34 73
98 7
82 81
72 58
87 62
84 46
42 53
84 69
49 16
37 84
87 43
0 13
49 36
53 61
76 28
83 9
68 46
80 98
54 61
69 83
78 86
17 94
89 81
8 17
48 95
81 91
56 12
12 38
10 26
91 37
20 96
89 29
79 44
48 94
73 14
70 55
14 28
4 47
14 36
86 20
74 16
53 36
52 72
62 3
64 98
39 18
7 60
22 2
20 42
95 1
91 92
98 85
96 62
41 6
72 76
54 50
69 57
51 62
99 58
21 85
69 56
50 78
10 5
39 57
40 17
34 40
20 95
81 53
28 92
63 76
61 56
62 53
60 82
0 30
20 34
12 59
67 23
20 30
36 33
60 59
21 97
10 1
43 85
21 20
67 9
64 65
97 6
67 8
45 53
75 35
4 83
15 0
52 19
58 29
27 98
61 15
78 12
10 12
69 28
41 45
43 53
46 86
47 26
4 58
3 41
48 91
56 94
37 13
13 32
66 54
90 72
94 31
25 9
67 38
26 60
15 71
66 41
61 40
10 72
42 14
96 42
64 8
91 16
97 73
80 88
90 12
30 33
16 3
84 86
11 34
13 40
52 42
84 1
37 40
25 43
43 56
64 63
1 75
85 40
95 10
46 49
68 81
39 80
63 7
40 75
90 35
55 53
94 44
61 26
77 14
31 93
79 26
93 62
58 32
16 41
89 45
73 95
81 48
49 22
87 65
40 67
73 65
23 36
17 14
34 60
86 67
21 49
81 79
70 10
64 81
29 34
38 5
97 72
91 52
76 39
82 7
68 2
87 77
91 32
82 96
9 27
22 56
51 37
55 28
20 65
54 57
8 0
95 96
77 51
43 64
53 39
40 60
10 63
32 10
3 22
14 87
72 86
56 58
19 74
38 22
60 96
56 73
55 24
57 63
35 43
61 35
34 81
61 73
22 94
83 31
17 19
46 96
62 75
89 43
43 83
20 17
86 55
50 95
28 85
12 28
29 52
33 71
34 30
52 65
48 39
5 42
58 26
25 57
15 38
44 2
91 61
0 88
16 51
93 47
71 24
47 91
96 66
18 59
2 25
61 42
99 14
37 39
54 99
95 79
25 80
9 77
10 65
25 65
69 75
7 83
26 64
74 28
16 6
16 7
20 9
20 56
40 36
69 24
17 5
40 98
46 67
74 13
58 42
45 87
76 6
76 93
92 75
50 87
23 63
64 58
24 30
0 93
4 69
38 10
43 60
1 66
78 33
94 91
97 30
83 26
0 27
47 50
27 48
80 91
61 12
81 49
49 57
11 94
34 31
48 33
8 81
46 31
95 97
87 24
27 92
67 11
97 55
48 24
51 68
63 44
96 74
42 35
81 31
45 0
91 20
7 72
29 2
38 97
40 11
9 84
63 50
17 57
97 29
95 63
34 54
44 4
70 5
70 33
69 39
28 90
17 7
24 4
14 75
55 95
91 67
22 91
68 32
41 60
21 94
67 18
36 24
19 84
99 75
86 85
2 21
78 65
68 18
59 17
26 24
95 94
16 69
30 59
34 94
80 45
55 2
36 94
98 93
77 76
46 8
81 92
86 27
30 92
95 61
16 86
77 32
33 76
21 31
30 10
88 27
48 96
10 44
87 44
81 73
34 44
91 2
65 69
8 78
27 67
94 75
96 2
40 42
16 87
71 84
93 83
88 12
6 1
60 5
25 15
51 14
46 72
71 59
15 91
93 95
56 46
67 78
66 60
41 12
90 33
64 6
42 66
71 89
32 76
53 16
66 84
27 33
41 93
59 47
7 48
93 2
73 7
98 54
90 27
18 69
5 74
45 81
87 56
9 62
3 5
69 68
44 70
1 45
39 31
64 55
36 44
37 46
64 35
29 70
72 84
72 71
33 45
4 54
23 95
17 86
63 56
79 73
92 4
69 71
13 7
78 45
78 22
74 50
51 41
52 87
73 70
55 48
92 85
86 51
40 58
23 61
39 74
32 1
5 39
56 23
89 24
13 9
5 75
47 70
38 9
95 92
78 41
20 37
84 3
58 6
59 9
24 79
75 97
63 28
32 31
48 17
86 71
58 28
32 60
76 34
80 28
34 61
98 90
59 76
78 37
15 89
27 71
56 70
72 73
82 93
46 63
24 2
5 67
77 42
27 91
91 29
49 19
30 69
87 6
47 42
90 53
52 40
50 65
41 38
27 2
23 48
18 16
40 89
79 54
5 71
78 92
11 18
41 36
74 27
38 69
55 74
86 48
99 91
81 13
64 71
14 61
49 8
34 21
62 1
87 93
98 18
5 68
83 47
2 82
14 0
81 5
92 40
16 99
44 74
89 38
89 3
49 6
85 3
65 46
52 35
18 80
53 56
52 74
83 16
24 90
83 15
48 58
16 33
38 66
41 67
57 7
9 58
98 24
32 0
47 3
45 44
14 66
66 92
26 66
96 89
16 19
23 59
90 85
37 72
77 25
11 80
89 16
55 20
58 98
54 73
80 68
87 81
82 32
42 89
39 47
61 71
40 68
83 58
29 75
10 49
19 78
84 36
98 67
76 99
5 48
36 61
43 32
94 2
26 70
96 49
36 52
4 7
9 15
69 17
66 85
49 29
99 62
38 33
89 74
9 56
56 38
37 33
82 59
22 80
24 72
36 26
69 88
94 50
76 68
61 70
24 78
60 44
20 61
63 32
1 8
50 5
94 12
21 88
63 25
1 54
7 87
77 71
82 56
48 79
47 75
32 53
14 46
77 5
61 0
55 68
29 69
62 50
58 36
64 87
31 45
85 63
11 6
58 38
54 38
55 13
98 33
35 99
79 42
48 51
84 96
44 24
14 67
99 68
35 94
20 10
88 60
51 29
32 11
31 79
53 87
14 11
25 5
34 8
42 29
4 76
12 73
53 59
63 72
66 70
54 75
42 3
90 70
80 70
92 87
58 46
37 64
11 26
72 5
92 62
30 95
23 38
46 18
73 63
71 0
13 99
14 40
36 69
79 16
41 40
81 54
29 41
80 46
91 45
50 0
87 38
28 46
87 60
42 2
33 18
99 11
68 74
57 1
66 71
86 13
39 50
68 72
49 1
26 25
29 79
48 56
43 23
78 97
15 11
20 88
48 63
63 34
17 63
2 12
90 82
29 94
2 14
7 96
31 68
0 23
80 65
56 34
58 60
55 66
66 63
11 81
91 38
38 73
81 93
14 20
40 35
56 3
72 65
53 10
51 25
7 95
49 43
9 22
91 35
2 84
65 63
17 87
36 60
72 85
79 90
3 1
95 34
52 85
6 13
77 74
74 49
52 21
6 20
52 64
0 87
49 89
69 46
0 79
73 90
72 75
13 96
16 29
78 20
45 67
44 53
71 30
10 21
63 53
19 13
98 97
55 87
62 34
15 56
49 87
5 78
89 18
43 93
89 95
40 86
88 62
80 93
15 45
3 28
31 62
5 1
19 21
2 72
37 86
20 29
13 79
44 35
96 32
46 83
15 21
44 7
99 34
16 85
59 84
65 6
70 18
45 47
68 34
48 3
11 47
43 79
43 61
93 32
3 92
41 76
75 84
30 29
85 24
21 28
77 11
31 44
52 24
24 73
93 25
21 1
92 69
37 71
63 54
10 92
51 81
3 53
39 42
94 61
85 97
35 18
21 73
34 86
42 26
73 48
37 67
48 66
44 64
1 2
47 38
59 37
33 22
12 74
40 21
12 85
92 82
84 60
87 18
50 61
11 2
58 55
22 87
25 50
80 16
49 75
82 78
44 97
89 77
31 42
74 85
94 74
27 49
92 5
68 36
28 99
4 22
73 83
93 58
2 0
2 13
80 40
4 86
76 48
25 55
37 30
78 26
14 3
10 29
53 34
20 13
32 85
18 20
84 32
32 50
96 98
64 31
28 18
13 57
12 46
46 16
91 12
96 65
94 82
20 28
95 42
41 96
55 19
91 43
33 80
33 89
55 60
24 8
32 30
26 14
45 3
80 62
3 29
79 28
35 45
54 33
94 62
97 14
73 52
77 61
54 82
25 47
65 3
27 3
77 94
52 37
67 74
94 79
22 71
67 59
23 39
92 79
76 98
72 36
16 62
66 4
52 33
13 46
94 67
8 87
71 54
56 6
55 50
62 48
92 99
72 57
52 30
75 76
88 65
23 84
23 51
53 69
49 12
95 33
16 21
96 67
57 75
21 83
34 2
8 59
41 53
39 66
50 57
64 39
82 39
72 38
73 6
36 42
39 61
29 54
42 18
18 86
96 39
64 96
21 18
75 52
73 30
66 91
77 17
45 79
70 34
38 32
83 57
4 25
16 96
1 85
41 43
39 38
35 72
54 96
22 75
34 43
54 10
20 53
17 6
92 18
83 65
7 71
40 2
62 71
18 76
96 21
62 79
2 26
6 85
66 69
78 64
75 80
43 30
78 90
94 47
23 52
11 59
2 43
75 38
88 67
58 11
31 77
45 18
55 77
5 54
0 90
32 49
36 32
22 1
13 98
22 92
12 1
25 16
34 93
13 53
57 28
50 80
52 59
47 78
45 90
42 0
9 48
39 12
48 71
89 6
18 0
91 59
97 80
77 99
54 45
95 91
0 40
93 45
69 87
10 39
57 48
50 12
21 0
60 85
54 51
80 26
3 82
5 96
70 88
31 7
12 20
85 38
51 33
74 2
90 74
21 50
17 72
68 84
9 17
60 86
18 32
44 12
65 28
75 6
58 15
71 39
15 36
19 79
93 5
99 61
25 98
12 86
65 7
76 44
80 72
5 33
2 79
14 37
99 48
15 22
73 93
4 79
12 8
74 93
68 48
52 14
70 48
28 42
48 50
86 9
25 24
47 33
26 15
82 47
67 31
32 97
53 49
33 41
81 17
88 49
68 41
92 13
55 41
91 78
30 61
15 48
41 89
5 24
53 85
15 65
95 8
39 65
68 83
19 38
26 88
97 88
0 84
27 70
90 81
46 7
27 8
21 70
29 81
75 39
91 14
0 48
45 63
73 66
3 77
3 72
78 71
91 54
98 89
92 23
51 75
80 17
7 36
15 40
68 24
35 66
42 56
57 97
3 33
95 4
85 65
14 34
76 25
34 69
35 26
76 9
73 8
58 19
6 57
52 98
74 25
66 82
68 70
28 1
80 89
32 55
34 57
77 29
95 35
1 35
26 68
50 69
16 78
55 49
57 8
2 46
82 80
52 1
81 86
37 23
34 87
66 11
10 76
82 16
11 65
40 72
20 79
65 93
50 90
79 72
74 30
89 88
26 20
20 32
63 33
97 90
42 76
94 58
47 65
24 41
99 72
91 93
27 57
53 5
99 52
60 17
7 78
39 28
7 99
74 82
88 51
36 99
46 85
99 88
38 36
5 62
97 4
99 83
41 25
66 29
81 84
11 35
91 89
84 82
68 33
92 29
85 25
75 59
51 67
60 48
9 24
85 41
54 88
19 48
99 40
35 14
95 62
18 3
43 50
30 8
84 65
60 91
78 94
13 68
31 48
6 53
43 4
92 58
57 40
53 84
18 36
99 38
42 1
39 43
48 49
4 27
59 7
10 55
40 76
70 7
37 97
9 50
83 25
43 8
76 55
47 61
14 22
78 93
99 81
76 91
18 58
30 45
14 6
11 85
9 21
50 73
61 41
58 31
29 21
19 65
50 70
49 9
14 27
6 31
2 38
69 31
13 52
42 7
30 42
26 53
66 9
65 16
72 31
87 76
49 56
78 89
1 61
84 18
49 2
63 71
9 79
26 77
16 36
0 52
5 46
64 27
80 86
22 77
47 67
95 18
63 18
97 47
86 88
18 34
41 19
41 90
11 72
2 81
82 28
66 40
98 46
56 28
73 39
52 77
7 92
25 96
72 89
87 11
4 17
61 29
28 88
34 28
68 59
13 97
77 88
90 67
14 55
48 47
22 12
28 2
82 49
36 1
17 3
90 48
62 18
34 82
71 52
50 79
60 47
18 37
94 37
55 44
51 57
20 1
27 44
48 69
72 49
90 17
11 17
91 21
21 72
55 71
23 13
85 49
22 65
40 45
61 4
60 50
2 62
84 41
83 54
70 81
20 52
94 70
36 66
17 21
92 21
51 80
3 35
35 4
28 17
74 43
29 44
44 40
14 53
18 52
76 38
62 49
35 85
32 67
90 86
61 68
11 73
9 60
36 4
92 49
11 7
83 79
91 17
58 68
88 56
29 84
19 76
18 7
87 10
10 15
46 32
8 89
7 28
35 29
98 38
81 28
73 76
9 34
47 18
23 86
39 29
97 63
70 95
43 37
21 61
28 37
58 89
72 70
95 41
78 35
84 4
62 37
64 4
79 15
30 93
25 99
70 36
98 10
9 72
33 93
97 40
18 10
78 29
94 54
66 25
41 50
47 36
72 64
66 12
79 89
98 30
70 86
96 58
39 86
28 64
87 88
89 90
41 56
8 16
96 94
70 30
8 82
52 7
95 82
35 34
66 81
80 53
63 49
63 86
6 7
4 9
94 72
21 98
25 28
37 24
16 17
11 78
69 86
51 8
54 17
79 11
90 26
15 12
80 71
0 11
6 74
7 93
17 66
35 50
34 3
38 83
96 11
48 2
31 47
47 64
54 0
82 62
82 85
33 64
73 0
64 21
25 59
29 14
13 33
84 17
10 7
4 65
57 26
66 5
28 40
51 3
42 67
60 19
16 66
42 97
25 53
87 12
75 8
26 6
79 76
83 64
33 82
42 80
33 72
81 9
78 40
68 28
77 70
92 14
11 97
15 55
21 58
81 27
19 54
74 75
19 36
80 34
35 25
88 24
46 78
86 41
70 8
3 7
55 40
2 67
99 6
31 8
9 92
50 52
27 11
26 9
0 81
32 5
17 98
56 85
58 14
29 6
40 77
69 15
56 71
71 40
0 55
9 88
55 47
97 66
61 33
73 10
76 21
6 51
91 55
28 67
40 90
75 43
70 65
33 46
16 88
31 84
71 6
75 89
19 46
34 97
90 15
45 92
55 69
49 65
10 86
76 65
34 51
54 6
89 62
62 77
56 95
46 24
54 11
41 8
76 22
12 23
54 2
30 91
95 57
51 66
73 68
81 55
45 55
41 1
41 74
23 64
77 45
63 82
48 30
73 94
2 56
45 50
64 62
64 45
4 73
86 50
62 78
39 68
33 17
8 45
15 54
55 34
45 14
89 54
2 6
86 24
78 2
38 20
3 13
35 38
1 44
64 3
12 62
34 58
13 51
81 74
52 46
18 64
55 73
42 34
81 58
54 16
56 86
83 56
15 88
53 86
6 59
33 44
31 37
29 59
95 59
40 46
90 59
60 75
98 71
43 31
42 71
88 30
3 71
76 14
74 20
23 8
41 23
59 70
56 97
31 26
38 6
43 26
55 85
6 32
51 17
78 72
50 93
73 19
13 93
17 47
62 41
7 37
31 15
10 22
69 7
2 76
39 21
42 84
12 30
44 6
36 90
64 30
44 66
15 75
88 59
90 93
32 16
47 90
41 22
88 36
91 72
82 70
92 41
61 44
35 8
45 72
38 48
40 30
82 11
5 85
83 60
84 44
35 46
73 20
81 56
64 13
68 89
23 97
30 47
26 48
11 70
22 86
98 9
24 38
82 73
77 30
74 42
55 98
89 70
6 18
68 37
37 17
66 20
2 50
3 50
28 22
95 60
10 27
12 7
53 4
87 66
79 96
17 89
17 97
89 12
11 75
52 9
19 34
30 89
49 64
76 74
17 82
74 29
51 35
18 5
4 42
58 22
27 19
84 77
72 8
83 52
53 35
92 47
79 85
8 93
76 86
63 55
90 71
26 56
43 84
30 39
13 34
67 73
90 94
66 7
45 21
83 5
14 24
76 81
78 52
73 26
4 8
36 76
43 99
0 6
93 61
30 5
66 50
36 34
41 11
10 66
51 96
2 51
98 5
15 30
55 1
76 90
18 78
77 96
49 97
22 21
95 25
94 99
25 1
5 11
44 80
17 62
61 64
21 65
70 99
89 44
63 52
44 59
31 29
73 29
62 65
49 5
66 83
55 52
65 30
94 63
42 9
85 10
10 78
11 19
9 3
65 0
26 69
89 83
31 16
4 93
32 48
18 41
89 92
60 35
15 32
97 86
74 79
37 1
67 0
54 32
65 33
85 64
52 58
85 26
0 74
26 84
81 46
0 4
26 22
84 52
11 1
48 82
88 72
76 67
61 79
97 12
32 87
94 43
23 34
45 17
69 64
24 11
14 44
21 4
29 95
86 15
59 79
52 10
65 9
0 82
24 63
31 51
48 61
28 75
99 24
13 5
27 37
30 87
25 88
54 13
18 55
50 22
26 30
65 55
96 99
49 70
66 72
67 77
74 60
45 56
40 94
20 98
84 54
21 6
39 22
4 49
81 16
53 19
15 63
37 76
79 5
4 99
91 90
73 40
98 11
43 22
55 78
55 16
98 31
58 43
24 82
30 2
31 60
60 63
85 78
26 16
96 83
67 93
64 16
38 71
48 52
75 0
64 1
2 90
68 57
80 63
0 35
24 34
44 22
33 50
57 43
65 66
37 74
51 55
65 8
4 70
96 36
7 55
3 10
9 95
48 6
30 63
4 59
77 50
78 17
11 46
59 97
16 97
97 96
35 69
74 59
25 72
31 97
79 27
15 51
39 94
39 32
24 23
86 65
38 28
12 24
39 91
39 60
5 86
0 9
5 88
91 41
97 19
25 44
39 36
39 90
37 10
44 19
63 69
11 92
40 95
2 69
75 32
25 97
30 68
76 97
14 23
63 77
56 31
16 95
94 76
62 26
91 10
31 22
75 66
39 35
77 86
99 44
25 33
23 42
25 68
83 97
39 26
71 68
84 98
74 11
70 25
56 29
83 91
9 18
50 56
88 57
